image: c069_real.pgm
resolution: 0.050000
#origin: [-8.375, -3.35, 0.000000]
origin: [-9.3, -3.78, 0.000000]
negate: 0
occupied_thresh: 0.65
free_thresh: 0.196

